[gd_scene format=3 uid="uid://cayka086k38g6"]

[ext_resource type="Material" uid="uid://qlgr8eq2jdhs" path="res://Assets/Materials/Gold.tres" id="1_hpnco"]

[sub_resource type="CylinderShape3D" id="CylinderShape3D_hpnco"]
height = 2.5698242

[node name="lightning princess" type="StaticBody3D" unique_id=1833207788]

[node name="CSGCylinder3D2" type="CSGCylinder3D" parent="." unique_id=1857348557]
transform = Transform3D(1, 0, 0, 0, 1, 0, 0, 0, 1, 0, -1.4182434, 0)
height = 1.749939
sides = 16
cone = true
material = ExtResource("1_hpnco")

[node name="CSGCylinder3D8" type="CSGCylinder3D" parent="." unique_id=1890937683]
transform = Transform3D(1, 0, 0, 0, 1, 0, 0, 0, 1, 0, 0.2666955, 0)
radius = 0.256
height = 0.473
sides = 16
cone = true
material = ExtResource("1_hpnco")

[node name="CSGCylinder3D14" type="CSGCylinder3D" parent="." unique_id=1603060005]
transform = Transform3D(1, 0, 0, 0, -0.42261818, 0.9063078, 0, -0.9063078, -0.42261818, 0, -0.24338102, -0.3196634)
radius = 0.256
height = 0.473
sides = 16
cone = true
material = ExtResource("1_hpnco")

[node name="CSGCylinder3D16" type="CSGCylinder3D" parent="." unique_id=292716235]
transform = Transform3D(0.90630776, -0.38302222, -0.17860623, 0, -0.42261833, 0.90630776, -0.42261827, -0.8213937, -0.38302228, -0.13349088, -0.24338102, -0.27522928)
radius = 0.256
height = 0.473
sides = 16
cone = true
material = ExtResource("1_hpnco")

[node name="CSGCylinder3D15" type="CSGCylinder3D" parent="." unique_id=485590318]
transform = Transform3D(0.90630776, 0.42261827, 0, 0.17860623, -0.38302228, 0.90630776, 0.38302222, -0.8213937, -0.42261833, 0.15228558, -0.24338102, -0.27522928)
radius = 0.256
height = 0.473
sides = 16
cone = true
material = ExtResource("1_hpnco")

[node name="CSGCylinder3D9" type="CSGCylinder3D" parent="." unique_id=734765503]
transform = Transform3D(1, 0, 0, 0, 1, 0, 0, 0, 1, 0, -0.143465, 0.29810238)
radius = 0.016
height = 0.054
sides = 16
cone = true
material = ExtResource("1_hpnco")

[node name="CSGSphere3D" type="CSGSphere3D" parent="." unique_id=2020460881]
transform = Transform3D(1, 0, 0, 0, 1, 0, 0, 0, 1, 0, -0.10734451, 0)
radius = 0.30540064
material = ExtResource("1_hpnco")

[node name="CSGSphere3D2" type="CSGSphere3D" parent="." unique_id=1967989492]
transform = Transform3D(1, 0, 0, 0, 1, 0, 0, 0, 1, 0, -0.7805516, 0)
radius = 0.32134295
material = ExtResource("1_hpnco")

[node name="CSGCylinder3D" type="CSGCylinder3D" parent="." unique_id=921405312]
transform = Transform3D(1, 0, 0, 0, 1, 0, 0, 0, 1, 0, -1.119592, 0)
radius = 0.17871094
height = 1.0027161
material = ExtResource("1_hpnco")

[node name="CSGCylinder3D3" type="CSGCylinder3D" parent="." unique_id=370355122]
transform = Transform3D(1, 0, 0, 0, 1, 0, 0, 0, 1, 0, -0.7177187, 0)
radius = 0.07421875
height = 1.0027161
material = ExtResource("1_hpnco")

[node name="CSGSphere3D3" type="CSGSphere3D" parent="." unique_id=1966952454]
transform = Transform3D(1, 0, 0, 0, 1, 0, 0, 0, 1, 0.30417663, -0.5856865, 0)
radius = 0.15783378
material = ExtResource("1_hpnco")

[node name="CSGSphere3D4" type="CSGSphere3D" parent="." unique_id=2084011021]
transform = Transform3D(1, 0, 0, 0, 1, 0, 0, 0, 1, -0.33669347, -0.5856865, 0)
radius = 0.15783378
material = ExtResource("1_hpnco")

[node name="CSGSphere3D11" type="CSGSphere3D" parent="." unique_id=1391079949]
transform = Transform3D(1, 0, 0, 0, 1, 0, 0, 0, 1, -0.16899699, -0.7482114, 0.21064997)
radius = 0.15783378
material = ExtResource("1_hpnco")

[node name="CSGSphere3D12" type="CSGSphere3D" parent="." unique_id=1858080942]
transform = Transform3D(1, 0, 0, 0, 1, 0, 0, 0, 1, 0.1381391, -0.7512522, 0.21064997)
radius = 0.15783378
material = ExtResource("1_hpnco")

[node name="CSGSphere3D5" type="CSGSphere3D" parent="." unique_id=2133825848]
transform = Transform3D(1, 0, 0, 0, 1, 0, 0, 0, 1, -0.54311216, -0.69533163, 0.3449663)
radius = 0.13005005
material = ExtResource("1_hpnco")

[node name="CSGSphere3D6" type="CSGSphere3D" parent="." unique_id=1662361022]
transform = Transform3D(1, 0, 0, 0, 1, 0, 0, 0, 1, 0.8006958, -0.69533163, 0.30591643)
radius = 0.13005005
material = ExtResource("1_hpnco")

[node name="CSGSphere3D7" type="CSGSphere3D" parent="." unique_id=2016850385]
transform = Transform3D(1, 0, 0, 0, 1, 0, 0, 0, 1, 0.6355835, -0.9575659, 0.045319557)
radius = 0.11
material = ExtResource("1_hpnco")

[node name="CSGSphere3D8" type="CSGSphere3D" parent="." unique_id=1138069001]
transform = Transform3D(1, 0, 0, 0, 1, 0, 0, 0, 1, -0.63673353, -0.9575659, 0.045319557)
radius = 0.11
material = ExtResource("1_hpnco")

[node name="CSGCylinder3D4" type="CSGCylinder3D" parent="." unique_id=760511963]
transform = Transform3D(0.71447265, -0.69966334, 0, 0.69966334, 0.71447265, 0, 0, 0, 1, 0.49212313, -0.7855962, 0.019467711)
radius = 0.07421875
height = 0.43378448
material = ExtResource("1_hpnco")

[node name="CSGCylinder3D5" type="CSGCylinder3D" parent="." unique_id=1876294568]
transform = Transform3D(0.71447265, 0.69966334, 0, -0.69966334, 0.71447265, 0, 0, 0, 1, -0.48363614, -0.7855962, 0.019467711)
radius = 0.07421875
height = 0.43378448
material = ExtResource("1_hpnco")

[node name="CSGCylinder3D6" type="CSGCylinder3D" parent="." unique_id=399253718]
transform = Transform3D(0.41438216, -0.26879397, -0.86950403, 0.6119393, -0.624892, 0.4848096, -0.67366, -0.73298013, -0.09445849, -0.6022304, -0.84857166, 0.16649365)
radius = 0.07421875
height = 0.43378448
material = ExtResource("1_hpnco")

[node name="CSGCylinder3D7" type="CSGCylinder3D" parent="." unique_id=953091618]
transform = Transform3D(0.41438216, -0.26879397, -0.86950403, 0.6119393, -0.624892, 0.4848096, -0.67366, -0.73298013, -0.09445849, 0.70026076, -0.84857166, 0.16649365)
radius = 0.07421875
height = 0.43378448
material = ExtResource("1_hpnco")

[node name="CSGCylinder3D10" type="CSGCylinder3D" parent="." unique_id=533323653]
transform = Transform3D(0.7620286, -0.23015498, -0.6052612, 0.040001504, -0.9161872, 0.39874908, -0.64630663, -0.32806957, -0.68895435, -0.6177342, -1.2124559, 0.2270363)
radius = 0.034179688
height = 2.6028562
material = ExtResource("1_hpnco")

[node name="CSGCylinder3D11" type="CSGCylinder3D" parent="." unique_id=974926578]
transform = Transform3D(0.7620286, -0.23015498, -0.6052612, 0.040001504, -0.9161872, 0.39874908, -0.64630663, -0.32806957, -0.68895435, -0.3292517, -0.064081945, 0.6382476)
radius = 0.049
height = 0.21754754
material = ExtResource("1_hpnco")

[node name="CSGCylinder3D12" type="CSGCylinder3D" parent="." unique_id=1845973156]
transform = Transform3D(0.7620286, -0.23015498, -0.6052612, 0.040001504, -0.9161872, 0.39874908, -0.64630663, -0.32806957, -0.68895435, -0.29868913, 0.054347478, 0.6820335)
radius = 0.049
height = 0.21754754
cone = true
material = ExtResource("1_hpnco")

[node name="CSGCylinder3D13" type="CSGCylinder3D" parent="." unique_id=832696914]
transform = Transform3D(0.73403645, 0.41097078, 0.5406417, -0.035730906, 0.8183724, -0.57357645, -0.6781693, 0.40170845, 0.6153996, -0.20861457, 0.23570958, 0.7269852)
radius = 0.049
height = 0.21754754
cone = true
material = ExtResource("1_hpnco")

[node name="CSGSphere3D9" type="CSGSphere3D" parent="." unique_id=1019634640]
transform = Transform3D(1, 0, 0, 0, 1, 0, 0, 0, 1, -0.15597622, -0.06804526, 0.22105)
radius = 0.05
material = ExtResource("1_hpnco")

[node name="CSGSphere3D10" type="CSGSphere3D" parent="." unique_id=1971150520]
transform = Transform3D(1, 0, 0, 0, 1, 0, 0, 0, 1, 0.15053256, -0.06804526, 0.22105)
radius = 0.05
material = ExtResource("1_hpnco")

[node name="CSGTorus3D" type="CSGTorus3D" parent="." unique_id=1975647156]
transform = Transform3D(1, 0, 0, 0, -0.1736482, 0.9848077, 0, -0.9848077, -0.1736482, 0, -0.17732331, 0.22773927)
inner_radius = 0.005
outer_radius = 0.093
sides = 10
ring_sides = 10
material = ExtResource("1_hpnco")

[node name="CollisionShape3D" type="CollisionShape3D" parent="." unique_id=1274852439]
transform = Transform3D(1, 0, 0, 0, 1, 0, 0, 0, 1, 0, -1.0093302, 0)
shape = SubResource("CylinderShape3D_hpnco")
